> a<-makeCacheMatrix(matrix(1:9,3,3))
> ginv(matrix(1:9,3,3))
           [,1]          [,2]       [,3]
[1,] -0.6388889 -5.555556e-02  0.5277778
[2,] -0.1666667 -5.551115e-17  0.1666667
[3,]  0.3055556  5.555556e-02 -0.1944444

> cacheSolve(a)
           [,1]          [,2]       [,3]
[1,] -0.6388889 -5.555556e-02  0.5277778
[2,] -0.1666667 -5.551115e-17  0.1666667
[3,]  0.3055556  5.555556e-02 -0.1944444

> ginv(matrix(3:14,3,3))
           [,1]          [,2]       [,3]
[1,] -0.8055556 -5.555556e-02  0.6944444
[2,] -0.1666667  3.122502e-16  0.1666667
[3,]  0.4722222  5.555556e-02 -0.3611111

 cacheSolve(a)
getting cached data
           [,1]          [,2]       [,3]
[1,] -0.6388889 -5.555556e-02  0.5277778
[2,] -0.1666667 -5.551115e-17  0.1666667
[3,]  0.3055556  5.555556e-02 -0.1944444
> 
